0,680,16.885836,51.102683,1606,14.4775,35.857497,13974.3305738208,1992.22
1,478,-2.27495,53.353744,1715,28.7925,36.713056,13818.089086326,2736.08
2,1953,-77.466231,25.038958,3533,-80.15275,26.072583,14136.9799481435,605.51
3,3830,-87.904842,41.978603,4040,-83.807833,41.586806,7118.97396788581,269.15
4,3364,116.584556,40.080111,3399,87.474244,43.907106,7160.01129343058,1902.95
5,3395,103.947086,30.578528,3376,114.2081,30.783758,9519.386381675,147.34
6,1655,27.620631,47.178492,1657,26.102178,44.572161,10481.2536041467,758.81
7,1403,-4.418539,48.447911,495,-1.356803,50.950261,12806.324736945,1482.31
8,2997,72.867919,19.088686,3024,79.884117,7.180756,5623.01222574836,1406.55
9,1465,25.236308,39.917072,4191,26.347061,37.682717,11824.1815574122,1601.56
10,3156,73.529128,4.191833,1524,8.728111,45.630606,16865.5148377953,1221.56
11,609,12.655972,55.617917,585,5.374528,51.450139,14281.9633593099,4564.68
12,1382,2.55,49.012779,535,-3.3725,55.95,4339.33379501486,1168.63
13,4108,117.215992,36.857214,3379,108.751592,34.447119,8087.04027482781,1675.18
14,3930,126.450517,37.469075,2305,130.450686,33.585942,8918.20911607602,2145.92
15,3304,101.709917,2.745578,3316,103.994433,1.350189,6610.60841373924,1189.15
16,1538,11.288667,44.535444,1638,-9.135919,38.781311,6948.58937614604,2229.82
17,2089,36.618889,28.365417,2059,42.656625,18.240367,15321.6295510462,3238
18,3830,-87.904842,41.978603,4007,-82.541806,35.436194,3400.03134851046,204.73
19,3930,126.450517,37.469075,2384,127.645869,26.195814,10174.2837250246,3311.46
20,3385,119.663272,25.935064,3375,113.840889,34.519672,14071.1296700055,2734.78
21,4203,123.746247,13.157064,2397,121.019581,14.508647,4155.3862253128,36.68
22,287,10.227217,36.851033,286,10.754722,35.758056,6729.73434202201,1422.65
23,3486,-81.849794,41.411689,3861,-90.258028,29.993389,5910.10443554285,1523.27
24,6367,109.554,36.6369,3393,106.641678,29.719217,2465.93098822039,730.78
25,3484,-118.408075,33.942536,3687,-119.71814,36.776194,14009.6098896419,2006.52
26,4053,7.529167,47.59,1054,-15.386586,27.931886,14584.0639680783,383.9
27,2960,39.170539,45.034689,4029,37.906111,55.408611,15196.7515605651,1248.43
28,3797,-73.778925,40.639751,3484,-118.408075,33.942536,4569.01300620724,1522.69
29,3484,-118.408075,33.942536,3536,-111.977772,40.788389,3689.80705253187,184.47
30,1551,12.351944,45.505278,507,-0.461389,51.4775,1992.34785507854,239.96
31,6084,69.1839,54.7747,2910,71.466944,51.022222,13926.9281876035,4188.25
32,1524,8.728111,45.630606,3406,121.805214,31.143378,12241.5205632821,3409.57
33,3391,121.336319,31.197875,3385,119.663272,25.935064,11455.6727130121,1397.46
34,6399,105.393,28.8522,3394,106.800703,26.538522,13807.6263377058,2877.83
35,6388,119.119,36.6467,4144,123.2901,41.3824,5360.7546784841,1375.7
36,3678,-90.370028,38.748697,3484,-118.408075,33.942536,2936.10503750557,612.42
37,2940,37.739722,48.073611,1701,28.814606,40.976922,12602.7166649629,4489.63
38,3406,121.805214,31.143378,2384,127.645869,26.195814,8805.9867244165,1449.55
39,3942,136.805408,34.858414,2312,130.85505,32.837319,12825.329367134,3087.55
40,2179,54.651138,24.432972,3361,151.177222,-33.946111,4341.25903512453,506.93
41,3731,-117.189667,32.733556,3797,-73.778925,40.639751,10094.6902801997,3627.3
42,668,18.466222,54.377569,340,8.543125,50.026421,5267.11427936768,166.43
43,1055,-13.605225,28.945464,1253,-5.893106,37.418,9588.83430861252,2092.13
44,1638,-9.135919,38.781311,210,3.215408,36.691014,13363.8868426938,2664.7
45,3267,111.985322,2.261603,3304,101.709917,2.745578,10587.5028089117,3694.29
46,3793,-81.755167,26.536167,3830,-87.904842,41.978603,18314.1260320438,2980.91
47,348,12.241633,51.432447,1701,28.814606,40.976922,9194.99465120068,909.45
48,340,8.543125,50.026421,3205,106.651856,10.818797,7652.61711905541,2454.14
49,5952,45.3147,35.5608,1701,28.814606,40.976922,11683.7804247162,2049.83
50,580,4.763889,52.308613,351,13.287711,52.559686,6816.33834650972,1252.41
51,1909,-82.409086,22.989153,2850,-63.967581,10.912926,3173.0595830855,1052.56
52,644,11.100361,60.193917,599,-6.270075,53.421333,9455.19399626856,1361.43
53,3376,114.2081,30.783758,3369,112.628428,37.746897,10236.1925940538,2042.85
54,3682,-84.428067,33.636719,3728,-157.922428,21.318681,7792.23814446521,2170.15
55,2170,35.993214,31.722556,1157,13.159011,32.663544,9469.45787872904,1648.12
56,3077,113.914603,22.308919,2264,120.350006,22.577094,1916.89802520391,468.09
57,3953,23.971111,56.923611,1382,2.55,49.012779,14055.0164284544,4084.58
58,3076,90.397781,23.843333,3239,96.133222,16.907305,4003.30732830588,525.99
59,2279,140.386389,35.764722,3395,103.947086,30.578528,5736.67384793628,340.5
60,3566,-95.278889,29.645419,3876,-80.943139,35.214,6167.12218794592,1799.86
61,1074,-7.589967,33.367467,298,1.254511,6.165611,8729.19304411177,2885.13
62,3199,105.807178,21.221192,3034,104.844139,11.546556,16002.99399945,3092.04
63,2745,-75.423119,6.164536,3576,-80.290556,25.79325,9701.6766603147,2368.62
64,1054,-15.386586,27.931886,523,-1.328056,52.831111,8433.60447992624,1574.73
65,1715,28.7925,36.713056,469,-1.748028,52.453856,16929.6344125499,4044.55
66,1016,33.781,-13.789378,907,28.452628,-15.330817,8966.28295693006,535.57
67,687,12.279819,57.662836,739,15.515211,60.422017,11773.6304095146,1758.74
68,3682,-84.428067,33.636719,4128,-84.079647,43.532913,16585.7096224711,1233.03
69,3409,136.961853,37.293097,2359,139.779694,35.552258,4040.62129726693,264.88
70,1739,20.309139,44.818444,287,10.227217,36.851033,17260.0584609342,5371.67
71,340,8.543125,50.026421,1054,-15.386586,27.931886,12692.7697636902,1862.23
72,3494,-74.168667,40.6925,2895,-70.015221,12.501389,6571.8975422459,447.96
73,2227,68.791683,27.721989,5939,71.717981,29.3481,16580.3507163527,1163.15
74,3448,-71.005181,42.364347,1762,-69.668925,18.429664,7407.50402281169,2715.12
75,7218,-160.969444,61.096944,3599,-161.838,60.779778,2511.55873380775,781.86
76,3364,116.584556,40.080111,1382,2.55,49.012779,15803.8992460969,3604.1
77,193,-79.630556,43.677223,3484,-118.408075,33.942536,13658.0832248411,2029.33
78,3858,-93.221767,44.881956,120,-104.665833,50.431944,7418.09500442351,1011.64
79,6386,118.59,24.7964,3386,120.434453,30.229503,8660.40711597025,2598.55
80,1273,1.363819,43.629075,580,4.763889,52.308613,9342.52808702254,2160.26
81,2985,37.414589,55.972642,1382,2.55,49.012779,8285.87570497927,2428.05
82,3385,119.663272,25.935064,3992,135.244167,34.4347222,4386.71268679933,99.63
83,1706,27.156953,38.292392,502,-0.190278,51.148056,9271.23705185032,355.64
84,1520,9.517628,40.898661,3953,23.971111,56.923611,8283.18432512871,2539.29
85,730,19.281944,65.590278,719,18.716219,64.548322,6794.14487176217,65.01
86,346,11.786086,48.353783,4029,37.906111,55.408611,4314.55130904125,110.61
87,3550,-95.341442,29.984433,3751,-104.673178,39.861656,15365.583063701,3005.11
88,3974,49.375028,14.662639,3977,45.028792,12.829542,7398.81057417601,2139.11
89,3941,23.944467,37.936358,1468,25.348103,37.435128,9405.64916423167,2516.76
90,4101,-122.8735,42.374228,3469,-122.374889,37.618972,9708.64254945373,2346.17
91,298,1.254511,6.165611,253,-3.926294,5.261386,7840.17830360152,2300.97
92,3364,116.584556,40.080111,2948,30.262503,59.800292,10824.2578392883,3694.33
93,7217,-161.230556,60.902778,7218,-160.969444,61.096944,1299.99986512355,24.29
94,3131,77.668206,12.949986,3141,78.467586,17.453117,11663.5228599634,247.97
95,507,-0.461389,51.4775,478,-2.27495,53.353744,9152.84641165454,2311.69
96,2268,120.62058,24.264668,3386,120.434453,30.229503,2112.41250214707,644.44
97,3885,100.747283,13.681108,3179,98.316872,8.1132,1954.83134588575,125.22
98,3473,-89.976667,35.042417,3830,-87.904842,41.978603,8434.23055624832,1555.72
99,1562,10.39275,43.683917,1051,-13.863761,28.452717,13721.3372337151,3905.09
100,3379,108.751592,34.447119,6434,110.033,39.85,8416.08137440479,1788.24
101,3400,126.250328,45.623403,3368,117.346183,39.124353,582.882878862598,81.21
102,1555,12.250797,41.804475,3093,77.103088,28.5665,10016.1313454771,54.37
103,193,-79.630556,43.677223,3494,-74.168667,40.6925,14837.6777252975,3024.92
104,3392,121.371667,37.401667,3930,126.450517,37.469075,7385.437844085,1566.71
105,3316,103.994433,1.350189,813,28.246,-26.139166,15083.0844142651,2984.19
106,3645,-83.353389,42.212444,3622,-77.672389,43.118866,5591.5281027503,547.56
107,1688,30.800461,36.898731,4053,7.529167,47.59,6667.90083700598,2197.6
108,3448,-71.005181,42.364347,3771,-73.468139,44.650944,14035.933311782,4977.92
109,2910,71.466944,51.022222,2918,80.2344,50.3513,13455.6552640566,318.28
110,2305,130.450686,33.585942,3930,126.450517,37.469075,8918.20911607602,2480.7
111,6345,111.824103,40.851422,3369,112.628428,37.746897,14892.579938743,790.67
112,1452,25.180297,35.339719,302,4.484444,50.901389,11709.1214618803,218.23
113,492,-0.368333,51.874722,1562,10.39275,43.683917,11853.983641807,3909.27
114,3903,104.118753,1.121028,6223,105.178939,-5.242339,3094.34331260517,215.2
115,3240,119.554042,-5.061631,3249,119.909642,-0.918542,13737.6467077935,5068.73
116,3458,-94.713905,39.297606,3861,-90.258028,29.993389,19017.2179527303,2056.41
117,2188,55.364444,25.252778,2064,49.79789,26.471161,8142.73395793201,809.62
118,3930,126.450517,37.469075,2927,135.188361,48.528044,7733.7375104088,220.11
119,580,4.763889,52.308613,1435,7.628233,48.538319,17952.9389455823,2985.51
120,302,4.484444,50.901389,286,10.754722,35.758056,16422.6924768461,2875
121,1273,1.363819,43.629075,1638,-9.135919,38.781311,13458.373764376,2408.34
122,2997,72.867919,19.088686,3084,82.859342,25.452358,14985.9731882871,3051.49
123,3748,-121.929022,37.3626,3877,-115.15225,36.080056,8137.49381372332,2847.88
124,3024,79.884117,7.180756,2188,55.364444,25.252778,5910.34550321307,1615.46
125,1506,17.947033,40.657633,1678,8.549167,47.464722,19002.4388180965,902.32
126,3774,-149.996361,61.174361,3720,-122.5975,45.588722,19578.6397236878,2498.96
127,737,17.918611,59.651944,1230,-4.499106,36.6749,7106.28283007868,1650.22
128,2179,54.651138,24.432972,3930,126.450517,37.469075,13506.7499280046,4217.35
129,2359,139.779694,35.552258,2313,129.913611,32.916944,15944.1388957372,1222.85
130,1561,14.290781,40.886033,1382,2.55,49.012779,11091.812871728,950.83
131,351,13.287711,52.559686,346,11.786086,48.353783,14873.5574386794,370.41
132,580,4.763889,52.308613,3304,101.709917,2.745578,10238.0233658687,3427.54
133,1804,-103.311167,20.5218,3830,-87.904842,41.978603,17871.7894727478,90.02
134,3998,2.727778,39.55361,1353,5.213611,43.435555,12016.8083430939,3103.27
135,541,-6.331111,58.215556,535,-3.3725,55.95,13223.2273795812,462.53
136,2538,-54.6725,-20.468667,2531,-47.918625,-15.8711,10775.7005585516,3497.19
137,3077,113.914603,22.308919,580,4.763889,52.308613,13936.525381006,2895.7
138,178,-114.020278,51.113888,3484,-118.408075,33.942536,5869.16204922595,1217.2
139,3388,118.862025,31.742042,4120,110.458961,19.934856,9675.07938098411,686.86
140,4317,29.309219,40.898553,1590,34.886667,32.011389,14617.2736742746,4681.77
141,54,-133.482778,68.304167,4244,-124.3333,62.35,11630.9934903485,3000.7
142,3320,153.1175,-27.384167,3322,145.755278,-16.885833,14145.0794070033,1633.47
143,3876,-80.943139,35.214,3494,-74.168667,40.6925,5904.2704361406,60.15
144,2650,-70.785803,-33.392975,2688,-78.488214,-0.141144,9563.23655859835,2525.07
145,644,11.100361,60.193917,658,15.465556,78.246111,12807.9710990589,3882.69
146,1382,2.55,49.012779,2057,50.63361,26.270834,17756.9657084548,2156.67
147,2372,128.938222,35.179528,3386,120.434453,30.229503,4846.29571014723,1015.78
148,5721,-97.1547,44.914,5761,-100.286,44.3827,11531.6695245406,3100.38
149,2009,172.532225,-43.489358,3316,103.994433,1.350189,5722.06652580158,522.5
150,302,4.484444,50.901389,1638,-9.135919,38.781311,4970.08518070305,667.77
151,1209,15.346697,44.108269,350,9.221964,48.689878,10843.7617053745,636.39
152,2313,129.913611,32.916944,3406,121.805214,31.143378,11855.3930244682,3973.54
153,3240,119.554042,-5.061631,3928,112.786858,-7.379831,14931.6387688127,1614.52
154,534,-4.433056,55.871944,3752,-75.241139,39.871944,13073.4547977723,830.32
155,3941,23.944467,37.936358,1706,27.156953,38.292392,14710.9735983716,5263.78
156,2910,71.466944,51.022222,2908,77.040508,43.352072,9749.29308008278,1591.56
157,248,-0.166786,5.605186,580,4.763889,52.308613,14397.7897652403,1777.64
158,1555,12.250797,41.804475,273,3.321156,6.577369,8451.63461121306,1298.31
159,1638,-9.135919,38.781311,1626,-7.965911,37.014425,12749.010734013,3865.77
160,3670,-97.037997,32.896828,3536,-111.977772,40.788389,9266.18857627455,461.82
161,1613,16.569722,48.110278,737,17.918611,59.651944,9440.26301684115,723.95
162,5469,-89.8553,53.0125,5466,-89.2892,52.8939,3317.8990490893,498.04
163,2548,-56.116719,-15.652931,2564,-46.469511,-23.432075,11168.418688902,391.45
164,3392,121.371667,37.401667,3406,121.805214,31.143378,2654.53231614675,684.32
165,3205,106.651856,10.818797,340,8.543125,50.026421,7652.61711905541,651.02
166,3830,-87.904842,41.978603,3797,-73.778925,40.639751,11141.8752887978,3061.11
167,1230,-4.499106,36.6749,1524,8.728111,45.630606,16914.6431304073,1935.29
168,3484,-118.408075,33.942536,1801,-104.528014,24.124194,14102.5493587921,4564.96
169,2742,-77.291478,1.396247,2715,-76.381583,3.543222,13223.8702497058,1365.93
170,6371,100.704,46.1633,6370,96.2211,46.3764,6953.54540189944,1374.69
171,3747,-87.752417,41.785972,6962,-93.200556,36.531994,5979.98949444284,854.32
172,3531,-152.493856,57.749967,7165,-152.846111,57.885278,1078.54676521923,307.39
173,350,9.221964,48.689878,1051,-13.863761,28.452717,8887.90692094325,4.45
174,1636,-8.681389,41.248055,2851,-66.990583,10.603117,8070.01459514375,2728.74
175,3759,-82.891889,39.997972,3849,-76.668333,39.175361,5241.5289974752,1828.76
176,3830,-87.904842,41.978603,3843,-95.663611,38.950944,16793.7861087177,3293.01
177,2442,-58.415606,-34.559175,2476,-65.486169,-24.855978,14762.2536932418,1384.07
178,3199,105.807178,21.221192,4082,107.702614,16.401499,14281.4419742456,4314.23
179,1529,9.276739,45.445103,1386,2.359444,48.725278,19168.2603666324,757.1
180,6414,129.451258,42.8828,3364,116.584556,40.080111,17595.0302533154,3966.99
181,415,24.832844,59.413317,1354,7.215872,43.658411,12561.0006919413,1777.55
182,2179,54.651138,24.432972,2074,39.705061,24.553422,10717.0061635237,1744.18
183,2066,42.585833,16.901111,2082,46.698776,24.95764,7617.29085582577,312.14
184,3406,121.805214,31.143378,3395,103.947086,30.578528,6276.78418926637,521.21
185,4364,76.313938,66.041811,2958,73.310514,54.967042,9643.35183218397,1144.68
186,340,8.543125,50.026421,490,-2.719089,51.382669,10653.2977954752,2367.28
187,2162,46.235,38.133889,4331,59.643,36.234,12324.3254169394,2474.64
188,421,24.963333,60.317222,3992,135.244167,34.4347222,16290.4989970653,412.62
189,1824,-99.072097,19.436303,1796,-106.428667,31.636133,6609.67346951189,459.28
190,3316,103.994433,1.350189,3901,110.374122,-6.971447,12996.6618795993,3122.55
191,3825,-72.683222,41.938889,3645,-83.353389,42.212444,3607.47406791405,951.91
192,2911,71.303611,42.853611,2910,71.466944,51.022222,12043.585387826,1149.27
193,1212,-0.558156,38.282169,608,9.151778,55.740322,18027.2819727181,4525.89
194,2875,-59.492456,13.074603,2878,-61.003175,14.591033,7287.82464089915,1480.65
195,364,10.719222,53.805367,1562,10.39275,43.683917,15137.4263513781,135.63
196,2223,73.099233,33.616653,1524,8.728111,45.630606,4025.22524373605,116.29
197,350,9.221964,48.689878,772,12.278333,53.918167,6784.02768552365,2500.38
198,3520,-77.037722,38.852083,3458,-94.713905,39.297606,2735.68023442438,570.19
199,1246,-0.481625,39.489314,490,-2.719089,51.382669,2286.96173700303,509.99
200,4144,123.2901,41.3824,3369,112.628428,37.746897,8361.72616571871,2642.15
201,1230,-4.499106,36.6749,1194,23.406167,42.695194,5206.25727265328,1095.89
202,4209,-39.080833,-16.438611,2564,-46.469511,-23.432075,5024.23160344359,90.58
203,3017,73.919697,18.582111,3131,77.668206,12.949986,16291.1594812275,1477.18
204,3858,-93.221767,44.881956,3748,-121.929022,37.3626,15830.1086490251,3658.18
205,2769,-64.918019,-14.818739,2759,-66.177114,-17.421058,15879.4604155178,4928.47
206,1461,26.910047,35.421358,1459,27.146008,35.421408,975.398939625337,4.14
207,2384,127.645869,26.195814,3930,126.450517,37.469075,10174.2837250246,2275.8
208,4027,-110.73775,43.607333333,3536,-111.977772,40.788389,12092.9378373352,4242.72
209,7287,-88.216667,16.966667,7288,-88.361667,16.536944,2771.73888219148,728.47
210,1555,12.250797,41.804475,1735,28.930978,46.927744,13167.4639420662,383.73
211,580,4.763889,52.308613,3577,-122.309306,47.449,11392.9442033576,372.38
212,1120,29.318519,-3.324019,1165,30.13945,-1.968628,9420.89598949485,1629.71
213,3393,106.641678,29.719217,3373,108.172442,22.608267,6081.55757649925,342.63
214,3941,23.944467,37.936358,679,20.967122,52.16575,6430.91550794415,512.44
215,4330,51.152222,35.416111,4317,29.309219,40.898553,14123.6930772223,3255.93
216,2531,-47.918625,-15.8711,2590,-35.791678,-9.510808,2820.79879620589,583.9
217,3720,-122.5975,45.588722,3877,-115.15225,36.080056,19572.3428981761,4232.04
218,3379,108.751592,34.447119,3399,87.474244,43.907106,4693.20133116228,1267.55
219,1715,28.7925,36.713056,345,6.766775,51.289453,19752.4382748135,2035.2
220,3633,-76.492989,37.131894,3682,-84.428067,33.636719,12538.8776345876,640.02
221,3660,-92.224306,34.729444,3751,-104.673178,39.861656,7361.57513656848,2582.64
222,1231,4.218647,39.862597,1218,2.078464,41.297078,14402.4394746297,2987.23
223,3502,-96.851778,32.847111,3536,-111.977772,40.788389,8935.7308759151,2195.74
224,675,22.019,50.109958,478,-2.27495,53.353744,14669.3420971432,2269.83
225,3156,73.529128,4.191833,8892,73.433,0.7308,17951.1581739838,6116.51
226,2612,-43.163133,-22.910461,2537,-43.968856,-19.63375,16594.9909163525,4328.85
227,1678,8.549167,47.464722,580,4.763889,52.308613,14442.2014957587,4985.31
228,3830,-87.904842,41.978603,1382,2.55,49.012779,1652.8579888954,167.75
229,3316,103.994433,1.350189,3269,116.051181,5.937208,10977.9936672213,3872.21
230,478,-2.27495,53.353744,1246,-0.481625,39.489314,9984.79998108071,2070.13
231,5694,40.1017,-3.22931,1147,36.814833,-1.321719,8999.03626687483,339.08
232,3646,-82.53325,27.975472,3820,-78.732167,42.940525,9199.15185358822,1502.49
233,3077,113.914603,22.308919,3320,153.1175,-27.384167,8183.09608382625,283.31
234,3714,-77.455811,38.944533,1382,2.55,49.012779,17303.8401816266,521.28
235,1953,-77.466231,25.038958,3448,-71.005181,42.364347,9708.79221048251,2076.34
236,580,4.763889,52.308613,1613,16.569722,48.110278,13805.4198287128,3961.39
237,1850,-99.566008,19.337072,1825,-100.106878,25.778489,3061.86791494686,1039.57
238,2930,150.720439,59.910989,2937,104.388975,52.268028,13241.6038086335,2871.11
239,3929,110.756892,-7.516089,3316,103.994433,1.350189,16561.5903447187,1604.93
240,1562,10.39275,43.683917,507,-0.461389,51.4775,12103.8132495281,4382.4
241,729,16.833575,64.579083,737,17.918611,59.651944,9246.65176631526,541.79
242,2908,77.040508,43.352072,1701,28.814606,40.976922,7095.39792457356,1965.99
243,1678,8.549167,47.464722,1452,25.180297,35.339719,11084.7185378264,3872.9
244,3368,117.346183,39.124353,6431,103.617,36.117,19119.9422072492,1702.11
245,813,28.246,-26.139166,3077,113.914603,22.308919,5901.57676967785,27.08
246,3370,113.298786,23.392436,3395,103.947086,30.578528,3597.25613396737,447.83
247,1084,-17.490225,14.739708,813,28.246,-26.139166,14444.4187369347,5250.4
248,1452,25.180297,35.339719,586,6.579444,53.11972,6967.40604126585,668.97
249,3383,118.127739,24.544036,3368,117.346183,39.124353,13084.1859542898,202.92
250,1780,-77.913358,18.503717,3747,-87.752417,41.785972,4318.55568696813,441.57
251,3751,-104.673178,39.861656,4019,-106.6091944,35.0402222,13811.8887830955,1684.28
252,1885,-84.208806,9.993861,3670,-97.037997,32.896828,14189.4447738265,571.74
253,1218,2.078464,41.297078,2241,51.565056,25.261125,14863.8435174821,4021.62
254,3448,-71.005181,42.364347,580,4.763889,52.308613,16729.4360776717,3880.85
255,502,-0.190278,51.148056,1612,13.004333,47.793304,16897.6686728721,4571.93
256,1706,27.156953,38.292392,580,4.763889,52.308613,3595.52048042875,642.88
257,287,10.227217,36.851033,295,10.690972,34.717953,13086.8179638987,2051.45
258,1489,19.255592,47.436933,2960,39.170539,45.034689,13316.2331411025,2507.23
259,146,-73.740833,45.470556,193,-79.630556,43.677223,11468.2015734196,863.1
260,948,15.760547,-12.808878,951,13.231178,-8.858375,4109.2759653215,368.99
261,3879,-79.723889,34.185361,3876,-80.943139,35.214,9805.63749056019,2157.9
262,1524,8.728111,45.630606,609,12.655972,55.617917,15581.5342657825,1760.92
263,3385,119.663272,25.935064,2276,121.232822,25.077731,10257.1645926532,1217.18
264,3320,153.1175,-27.384167,3990,148.179167,-23.5675,15691.5340980479,1060.34
265,8630,107.738889,40.926389,6345,111.824103,40.851422,13983.2754595812,2362.66
266,922,44.317614,-20.28475,943,43.728453,-23.383369,19385.6155314945,4029.65
267,3462,-112.011583,33.434278,3858,-93.221767,44.881956,7126.02622813007,2162.03
268,231,-0.621183,35.623858,221,6.620386,36.276028,3827.44927111001,581.22
269,2179,54.651138,24.432972,3144,80.180517,12.994414,7563.63768181572,1170.59
270,3998,2.727778,39.55361,1246,-0.481625,39.489314,3204.45393206191,453.49
271,4198,6.141944,51.602222,1508,16.242269,38.905394,3604.1646284956,513.89
272,350,9.221964,48.689878,1452,25.180297,35.339719,5055.41688313943,997.58
273,3670,-97.037997,32.896828,2188,55.364444,25.252778,9268.9226519002,1715.73
274,1051,-13.863761,28.452717,1229,-3.566764,40.493556,14566.6877509151,2425.55
275,1824,-99.072097,19.436303,1785,-102.317858,21.705558,2010.23848220347,713.52
276,3,144.295861,-5.826789,5,147.22005,-9.443383,3092.42157856959,905.33
277,2526,-48.476292,-1.37925,2584,-49.138025,-5.368589,14830.1988504479,711.32
278,1555,12.250797,41.804475,3448,-71.005181,42.364347,3879.89428085282,334.05
279,3361,151.177222,-33.946111,2279,140.386389,35.764722,6839.69964208566,2008.47
280,1190,19.720561,41.414742,1524,8.728111,45.630606,13658.1992027589,4759.03
281,3751,-104.673178,39.861656,146,-73.740833,45.470556,4243.105291757,559.01
282,1074,-7.589967,33.367467,2179,54.651138,24.432972,16296.7340309713,4575.79
283,4273,-88.591361,33.450333,3682,-84.428067,33.636719,6139.13392809042,244.2
284,3386,120.434453,30.229503,3394,106.800703,26.538522,16931.1521705776,223.64
285,3404,121.5386,38.965667,6347,114.6973,38.280686,4735.10195531682,715.96
286,1959,-159.805556,-21.202739,5865,-157.703,-19.8425,4213.02695564782,241.77
287,2948,30.262503,59.800292,4078,82.650656,55.012622,9193.6688418004,3206.66
288,3714,-77.455811,38.944533,3728,-157.922428,21.318681,6651.12216013753,1706.27
289,1354,7.215872,43.658411,346,11.786086,48.353783,7766.88606368876,807.45
290,344,7.142744,50.865917,346,11.786086,48.353783,13447.0453645425,462.31
291,7059,-79.258056,42.153333,3486,-81.849794,41.411689,7803.83106310166,1300.82
292,344,7.142744,50.865917,1561,14.290781,40.886033,13801.2581772628,2489.93
293,2965,39.956589,43.449928,1701,28.814606,40.976922,10365.2391567401,3058.91
294,3830,-87.904842,41.978603,2279,140.386389,35.764722,4374.40395305427,1227.96
295,3316,103.994433,1.350189,3339,144.843333,-37.673333,11252.2791969131,3818.27
296,1229,-3.566764,40.493556,1213,-2.370097,36.843936,13217.5610504824,1286.65
297,3321,153.504722,-28.164444,3355,149.195,-35.306944,12356.7064359631,2478.73
298,2072,39.156536,21.679564,2176,47.968928,29.226567,14964.8736509287,274.25
299,3820,-78.732167,42.940525,3878,-81.308994,28.429394,6264.62920477624,611.18
300,304,4.453817,50.459197,1075,-8.0363,31.606886,477.321845935031,41.38
301,1846,-93.026081,16.561822,1804,-103.311167,20.5218,15850.1813837121,2602.68
302,1840,-109.721044,23.15185,3469,-122.374889,37.618972,12103.2554508486,3373.89
303,2623,-42.823478,-5.059942,2564,-46.469511,-23.432075,1541.04764433848,302.06
304,1852,-86.877083,21.036528,3576,-80.290556,25.79325,9595.1595118668,2734.62
305,342,9.988228,53.630389,1452,25.180297,35.339719,12954.1935858809,2404.93
306,1613,16.569722,48.110278,1190,19.720561,41.414742,10076.6507825866,868.85
307,3645,-83.353389,42.212444,3494,-74.168667,40.6925,12185.8118946174,1900.47
308,3646,-82.53325,27.975472,3520,-77.037722,38.852083,10039.2529631994,1407.51
309,679,20.967122,52.16575,644,11.100361,60.193917,15067.6262464884,3846.31
310,3386,120.434453,30.229503,4033,100.23333,26.883333,17565.6474373047,2224.61
311,2749,-81.711192,12.583594,2739,-75.739519,4.812675,9512.13113499987,2934.17
312,657,10.785389,59.378933,1486,22.97095,40.519725,2306.06237325898,302.22
313,3942,136.805408,34.858414,421,24.963333,60.317222,7291.14557313879,506.58
314,3390,120.374436,36.266108,3389,117.298436,31.780019,13207.191460169,854.33
315,1553,12.594936,41.799361,523,-1.328056,52.831111,12244.1029710287,3562.12
316,1246,-0.481625,39.489314,1216,-2.910608,43.301097,13250.1182153587,1506.48
317,3752,-75.241139,39.871944,3745,-76.106311,43.111187,16697.5303416146,4497.9
318,738,17.94165,59.354372,728,20.282758,63.791828,5525.7078824222,809.94
319,3385,119.663272,25.935064,3885,100.747283,13.681108,2004.97172444925,196.32
320,3125,85.3591,27.696583,6180,88.079578,26.570822,5563.85910956049,495.7
321,3397,76.019956,39.542922,3399,87.474244,43.907106,11238.0096020171,316.21
322,3369,112.628428,37.746897,3372,110.039197,25.218106,16403.5023480625,739.66
323,2,145.7887,-5.207083,4,146.726242,-6.569828,9879.07456980221,2420.15
324,4167,-81.237489,28.777639,3633,-76.492989,37.131894,8496.09449464732,1512.3
325,3240,119.554042,-5.061631,3898,110.431758,-7.788181,18191.8623509509,1163.5
326,3093,77.103088,28.5665,3040,88.328567,26.681206,11904.6356146609,2270.1
327,3400,126.250328,45.623403,6393,120.125,33.3856,2100.65113431151,38.77
328,4374,92.475,56.18,2948,30.262503,59.800292,15090.9963838358,400.2
329,6173,91.585939,26.106092,3043,88.446722,22.654739,10432.234230133,3172.81
330,3385,119.663272,25.935064,4108,117.215992,36.857214,17032.7885407332,2020.79
331,6354,116.133,24.35,6355,113.376,22.0064,5349.82062145552,1777.82
332,3406,121.805214,31.143378,6400,104.741,31.4281,11348.0149776076,2120.34
333,6143,72.6989,65.4809,2988,37.261486,55.591531,10414.0755934472,1360.87
334,3304,101.709917,2.745578,3339,144.843333,-37.673333,14108.004438241,532.32
335,1529,9.276739,45.445103,1514,15.651556,38.071206,6954.13184436576,1812.3
336,345,6.766775,51.289453,1462,24.619223,40.913306,12244.823075159,326.79
337,2997,72.867919,19.088686,3093,77.103088,28.5665,7669.79631617308,2117.77
338,4033,100.23333,26.883333,3391,121.336319,31.197875,10666.3456897094,725.65
339,3682,-84.428067,33.636719,3751,-104.673178,39.861656,4891.90284083277,522.98
340,1761,-70.570033,19.7579,3576,-80.290556,25.79325,9888.68030526972,3105.88
341,2975,60.802728,56.743108,2964,39.818089,47.258208,6716.87178841375,1910.87
342,737,17.918611,59.651944,1107,38.799319,8.977889,12520.9853072863,1010.14
343,3520,-77.037722,38.852083,4112,-81.4421944,40.9160833,9667.6445169909,3470.19
344,2997,72.867919,19.088686,2194,58.284444,23.593278,11620.2188670559,3601.49
345,2985,37.414589,55.972642,3484,-118.408075,33.942536,13538.4876696956,574.11
346,1194,23.406167,42.695194,1198,32.485731,34.718039,7294.28479834837,1213.97
347,548,0.235,51.885,352,9.685078,52.461056,4292.11235379713,1043.77
348,2194,58.284444,23.593278,1107,38.799319,8.977889,13018.8580645758,3968.89
349,3363,147.466389,-35.165278,3361,151.177222,-33.946111,17060.360862222,6059.06
350,340,8.543125,50.026421,1509,15.0664,37.466781,1488.20673120251,496.79
351,1953,-77.466231,25.038958,3797,-73.778925,40.639751,3936.91670139861,480.44
352,3387,121.461906,29.826683,3372,110.039197,25.218106,10603.3381061231,2882.67
353,1335,5.090833,45.726387,1524,8.728111,45.630606,1556.5864032966,368.23
354,1218,2.078464,41.297078,1382,2.55,49.012779,8931.83011348408,1744.33
355,6133,-119.119,46.2647,3877,-115.15225,36.080056,15690.088975787,4581.88
356,3034,104.844139,11.546556,3120,102.563256,17.988322,7220.0237988555,1984.28
357,3374,113.810664,22.639258,6392,120.852,27.9122,7884.54153232555,1140.68
358,340,8.543125,50.026421,4274,43.784042,56.230119,14447.6529490652,2717.46
359,1826,-106.266072,23.161356,1804,-103.311167,20.5218,18100.1594305485,1080.44
360,7056,-81.990556,26.919722,4041,-85.195139,40.978472,12263.5580499347,197.69
361,4014,-85.7364989,38.1740858,3878,-81.308994,28.429394,8881.16038598428,1660.44
362,4331,59.643,36.234,2051,65.847822,31.505756,9911.69598245627,442.33
363,2006,174.791667,-37.008056,3361,151.177222,-33.946111,12626.0807515269,3058.94
364,2440,-60.785,-32.903611,2442,-58.415606,-34.559175,9641.98711933109,190.85
365,1452,25.180297,35.339719,478,-2.27495,53.353744,13505.4736919695,3959.91
366,3275,106.655897,-6.125567,3919,116.894478,-1.268272,12302.4352942246,1849.92
367,2709,-74.146947,4.701594,2715,-76.381583,3.543222,7493.58682631306,538.09
368,3930,126.450517,37.469075,4144,123.2901,41.3824,1989.27033290481,312.73
369,2279,140.386389,35.764722,2384,127.645869,26.195814,18993.2690485588,7007.38
370,231,-0.621183,35.623858,5553,-2.26986,31.6457,11052.6600335322,1775.46
371,1382,2.55,49.012779,1509,15.0664,37.466781,6505.67505273494,1210.39
372,596,-8.491111,51.841269,1626,-7.965911,37.014425,14401.6942704578,5132.12
373,657,10.785389,59.378933,1367,2.112778,49.454444,8356.42805397132,1914.21
374,3373,108.172442,22.608267,6355,113.376,22.0064,7433.63028050107,1736.08
375,3830,-87.904842,41.978603,3484,-118.408075,33.942536,12047.2994861902,2017.72
376,2910,71.466944,51.022222,1613,16.569722,48.110278,13648.3293483281,2697.01
377,2378,126.790586,37.558311,2374,129.351722,35.593494,6354.60654010003,148.9
378,517,-1.660569,53.865897,1382,2.55,49.012779,6256.78205785631,1878.16
379,502,-0.190278,51.148056,1715,28.7925,36.713056,17301.2533408949,801.73
380,599,-6.270075,53.421333,1354,7.215872,43.658411,13876.2927887119,2109.86
381,918,47.478806,-18.79695,921,49.392536,-18.109517,11375.3660669149,3156.11
382,1354,7.215872,43.658411,302,4.484444,50.901389,16982.5151465478,4004.03
383,3806,-80.040528,32.898647,3448,-71.005181,42.364347,19174.3526983102,2103.12
384,2057,50.63361,26.270834,2241,51.565056,25.261125,7633.80954929391,1498.04
385,4029,37.906111,55.408611,2964,39.818089,47.258208,8333.55755797234,431.02
386,3370,113.298786,23.392436,6430,110.993,35.018,7822.35202457342,482.09
387,3395,103.947086,30.578528,4144,123.2901,41.3824,10790.8016578418,3971.76
388,2564,-46.469511,-23.432075,3484,-118.408075,33.942536,6880.77434057966,2080.34
389,1774,-86.522961,16.316814,3576,-80.290556,25.79325,19601.5465019714,2775.33
390,1657,26.102178,44.572161,3941,23.944467,37.936358,12063.6228565662,3217.35
391,1194,23.406167,42.695194,1218,2.078464,41.297078,5740.34158305582,883.94
392,2945,23.956111,49.8125,1590,34.886667,32.011389,11911.3717019138,1460.23
393,3682,-84.428067,33.636719,3578,-85.203808,35.035278,9898.30700935075,3486.03
394,3685,-85.522806,42.880833,3830,-87.904842,41.978603,2080.49254712917,91.38
395,3371,113.219633,28.189158,6393,120.125,33.3856,7437.69044657119,1977.1
396,2057,50.63361,26.270834,2241,51.565056,25.261125,7633.80954929391,1123.56
397,3316,103.994433,1.350189,3035,103.81284,13.410666,3255.35350857094,889.91
398,273,3.321156,6.577369,3550,-95.341442,29.984433,12127.7197658793,1865.05
399,3304,101.709917,2.745578,2074,39.705061,24.553422,15262.6746004012,4338.23
400,1200,18.268244,42.561353,1205,14.570267,45.216889,18600.7530651384,784.9
401,3131,77.668206,12.949986,3066,83.224483,17.721167,10275.8174045412,736.53
402,4315,27.667,37.249,4317,29.309219,40.898553,9440.81302335608,3323.75
403,6366,102.043,36.5275,3379,108.751592,34.447119,13009.5539557472,2370.18
404,8832,22.714083,51.239333,668,18.466222,54.377569,13647.6033878763,2694.59
405,3322,145.755278,-16.885833,3077,113.914603,22.308919,9738.05528811304,2747.53
406,3148,81.818208,17.110361,3141,78.467586,17.453117,229.906961909431,50.94
407,415,24.832844,59.413317,478,-2.27495,53.353744,12379.7682632079,3075.85
408,2939,30.894722,50.345,1229,-3.566764,40.493556,1806.77535766939,116.68
409,469,-1.748028,52.453856,1103,-22.888897,16.136531,14831.1882291293,2256.67
410,2802,-71.583083,-16.341072,2789,-77.114319,-12.021889,11275.7544990378,1455.77
411,2170,35.993214,31.722556,8076,55.103174,24.55056,5881.81144674536,961.98
412,1218,2.078464,41.297078,1223,-3.777356,37.188731,13329.4062628091,691.92
413,4029,37.906111,55.408611,2913,72.793269,40.608989,8884.24659238565,1927.14
414,1382,2.55,49.012779,3714,-77.455811,38.944533,17303.8401816266,1729.82
415,2997,72.867919,19.088686,2996,75.398114,19.862728,11424.3301996155,1943.98
416,3885,100.747283,13.681108,2997,72.867919,19.088686,11178.9392112702,1361.3
417,813,28.246,-26.139166,3077,113.914603,22.308919,5901.57676967785,1298.81
418,302,4.484444,50.901389,415,24.832844,59.413317,9329.06843967283,2539.48
419,1128,31.405556,30.121944,2090,40.544334,21.483418,11545.9016422633,34.73
420,1948,-78.695553,26.558686,1953,-77.466231,25.038958,10294.6295308463,2437.08
421,4099,-123.211972,44.124583,3484,-118.408075,33.942536,9960.14219835329,1259.76
422,680,16.885836,51.102683,492,-0.368333,51.874722,4674.40697427052,1466.69
423,3304,101.709917,2.745578,3316,103.994433,1.350189,6610.60841373924,2059.54
424,502,-0.190278,51.148056,1230,-4.499106,36.6749,15809.9694829906,5444.74
425,3406,121.805214,31.143378,2276,121.232822,25.077731,3848.34119970528,950.63
426,3368,117.346183,39.124353,3391,121.336319,31.197875,12003.6870232048,1544.58
427,3077,113.914603,22.308919,2006,174.791667,-37.008056,9531.7258612355,1100.79
428,3339,144.843333,-37.673333,3316,103.994433,1.350189,11252.2791969131,2560.72
429,3400,126.250328,45.623403,3406,121.805214,31.143378,11625.3134158995,2713.74
430,6394,120.032,29.3447,3364,116.584556,40.080111,17733.8859714236,5772.88
431,1737,21.621381,41.961622,708,13.371639,55.530193,3480.26494395982,326.57
432,2064,49.79789,26.471161,3977,45.028792,12.829542,8296.43067877052,2226.64
433,6095,128.903,71.6977,2923,129.770672,62.09325,15535.7967886208,2204.93
434,3797,-73.778925,40.639751,599,-6.270075,53.421333,10249.823659364,3106.16
435,3375,113.840889,34.519672,3382,102.743536,24.992364,10686.3779477745,2938.85
436,2378,126.790586,37.558311,2359,139.779694,35.552258,12454.7094403297,3598.21
437,3393,106.641678,29.719217,6341,116.387778,39.7825,17504.3316201411,5587.03
438,1225,1.373117,38.872858,302,4.484444,50.901389,8487.51875060765,244.55
439,2326,132.919444,34.436111,2287,141.692283,42.7752,8938.10980395476,228.95
440,3682,-84.428067,33.636719,4011,-71.435667,42.932556,18324.7040369277,5784.09
441,3316,103.994433,1.350189,3901,110.374122,-6.971447,12996.6618795993,3028.08
442,3397,76.019956,39.542922,3399,87.474244,43.907106,11238.0096020171,2011.3
443,340,8.543125,50.026421,3682,-84.428067,33.636719,12350.8793252586,3240.4
444,1465,25.236308,39.917072,3941,23.944467,37.936358,9844.09251785193,1486.82
445,3320,153.1175,-27.384167,6255,140.504,-20.6686,2758.17849907235,48.35
446,3393,106.641678,29.719217,6366,102.043,36.5275,2572.64357845615,12.19
447,2962,43.081889,44.225072,2975,60.802728,56.743108,7008.1456330541,2545.42
448,1657,26.102178,44.572161,346,11.786086,48.353783,13163.5678981917,849.7
449,1197,33.62485,34.875117,2944,30.449697,50.401694,2899.82190249623,220.54
450,3717,-87.896583,42.947222,3682,-84.428067,33.636719,12577.7205427337,2889.44
451,342,9.988228,53.630389,1231,4.218647,39.862597,8130.56847741404,488.43
452,1226,-6.060111,36.744622,1218,2.078464,41.297078,6634.7394473875,1261.92
453,1382,2.55,49.012779,1529,9.276739,45.445103,17356.6840232514,5415.79
454,1386,2.359444,48.725278,293,10.775461,33.875031,14254.5839094234,2112.6
455,1553,12.594936,41.799361,3959,25.285767,54.634133,1746.15811720212,397.46
456,4029,37.906111,55.408611,346,11.786086,48.353783,4314.55130904125,328.8
457,2179,54.651138,24.432972,3974,49.375028,14.662639,15534.1490978332,2303.43
458,3384,115.9,28.865,3370,113.298786,23.392436,7186.53204903076,796.86
459,3386,120.434453,30.229503,3370,113.298786,23.392436,3258.42439845291,1080.27
460,3577,-122.309306,47.449,2276,121.232822,25.077731,10312.7951747384,3793.09
461,3722,-80.095589,26.683161,3697,-73.872608,40.777245,9735.88240712931,1689.51
462,1218,2.078464,41.297078,421,24.963333,60.317222,11273.6928866736,4006.16
463,3374,113.810664,22.639258,3386,120.434453,30.229503,8216.24659209396,1570.91
464,2435,121.933439,10.766044,2397,121.019581,14.508647,16570.1475593216,3459.88
465,3136,76.391389,10.155556,2191,55.51715,25.328575,8789.89628922831,2423.41
466,3714,-77.455811,38.944533,146,-73.740833,45.470556,2531.05942633342,284.98
467,1218,2.078464,41.297078,1194,23.406167,42.695194,5740.34158305582,1088.31
468,3462,-112.011583,33.434278,3576,-80.290556,25.79325,8550.43798706482,1395.9
469,2170,35.993214,31.722556,1555,12.250797,41.804475,12259.1291026426,2251.03
470,1550,10.888533,45.395706,346,11.786086,48.353783,18293.7118194406,6691.65
471,3205,106.651856,10.818797,340,8.543125,50.026421,7652.61711905541,1876.75
472,1824,-99.072097,19.436303,1847,-116.970158,32.541064,4997.82380539082,527.54
473,3729,-93.663083,41.533972,3877,-115.15225,36.080056,5863.46218118855,552.23
474,2006,174.791667,-37.008056,3341,138.530556,-34.945,9074.54756717931,1178.42
475,2851,-66.990583,10.603117,2821,-64.689161,10.107139,7494.77347057983,1135.52
476,3224,97.351919,25.383636,3239,96.133222,16.907305,12307.1641173498,289.28
477,3945,-117.015389,46.3745,3536,-111.977772,40.788389,8273.47193773547,453.88
478,1382,2.55,49.012779,146,-73.740833,45.470556,17630.0265600448,3225.87
479,6382,118.899,28.9658,3374,113.810664,22.639258,5826.22457164433,2069.51
480,3077,113.914603,22.308919,2276,121.232822,25.077731,13107.4802733673,3007.16
481,1524,8.728111,45.630606,302,4.484444,50.901389,5746.6171210764,499.51
482,3364,116.584556,40.080111,3093,77.103088,28.5665,12250.2379702578,2922.78
483,2922,50.046667,40.4675,1587,14.26,50.100833,8413.52681668067,2489.29
484,3364,116.584556,40.080111,3399,87.474244,43.907106,7160.01129343058,2603.28
485,2334,135.438222,34.785528,2384,127.645869,26.195814,11468.0725306188,3537.62
486,273,3.321156,6.577369,2177,35.488389,33.820931,12108.8270892379,3335.43
487,4059,36.9275,-1.319167,1186,39.224886,-6.222025,11452.3697630678,3817.84
488,507,-0.461389,51.4775,737,17.918611,59.651944,11799.5983160835,2858.97
489,3728,-157.922428,21.318681,2347,140.916944,38.139722,2556.29289359372,597.78
490,344,7.142744,50.865917,1486,22.97095,40.519725,1907.23304430267,19.91
491,2673,-79.883558,-2.157419,6045,-89.61745,-0.910206,1238.79038463375,310.23
492,1005,31.092847,-17.931806,1004,25.839006,-18.095881,4391.25259100849,1206.76
493,492,-0.368333,51.874722,1229,-3.566764,40.493556,8042.91582990854,159.26
494,3373,108.172442,22.608267,3374,113.810664,22.639258,3299.89929261353,947.57
495,3731,-117.189667,32.733556,3797,-73.778925,40.639751,10094.6902801997,1470.67
496,1555,12.250797,41.804475,1157,13.159011,32.663544,17007.8074746307,4690.94
497,3077,113.914603,22.308919,3199,105.807178,21.221192,12553.5345112409,3364.22
498,3615,-165.445247,64.512203,3774,-149.996361,61.174361,19804.8326716598,4936.23
499,664,10.258628,59.186703,1230,-4.499106,36.6749,10954.218831503,1503.07
500,478,-2.27495,53.353744,1479,25.479333,36.399169,8854.08954575477,462.74
501,2927,135.188361,48.528044,4374,92.475,56.18,8006.10772882713,1573.73
502,3550,-95.341442,29.984433,1871,-79.383453,9.071364,11401.6454557987,3672.04
503,1562,10.39275,43.683917,1386,2.359444,48.725278,8144.76385423352,562.64
504,2322,136.406544,36.394611,3406,121.805214,31.143378,9075.35960641818,1380.54
505,3941,23.944467,37.936358,5787,24.950936,37.422792,7135.32748469499,1705.02
506,1885,-84.208806,9.993861,1867,-82.434992,8.391003,13721.3214311284,3099.44
507,3751,-104.673178,39.861656,3717,-87.896583,42.947222,13927.5652444589,1046.52
508,6341,116.387778,39.7825,9025,105.426,27.253,4752.98241737436,241.63
509,3793,-81.755167,26.536167,3849,-76.668333,39.175361,1013.76683992515,188.7
510,3494,-74.168667,40.6925,3876,-80.943139,35.214,5904.2704361406,971.33
511,1665,6.10895,46.238064,1468,25.348103,37.435128,15582.0538950873,2899.92
512,1723,39.527003,39.710203,1701,28.814606,40.976922,11560.7148370148,502.43
513,2279,140.386389,35.764722,2334,135.438222,34.785528,8121.00806742264,2538.99
514,1051,-13.863761,28.452717,1229,-3.566764,40.493556,14566.6877509151,4445.58
515,3392,121.371667,37.401667,3364,116.584556,40.080111,11645.6416852922,1769.25
516,3393,106.641678,29.719217,6391,118.001,27.7019,13346.3640104633,401.04
517,3734,-117.601194,34.056,3469,-122.374889,37.618972,10598.067745309,3439
518,3678,-90.370028,38.748697,5744,-92.5449,40.0935,4134.57729490003,717.51
519,3550,-95.341442,29.984433,3561,-81.119528,33.938833,13835.4896662994,5047.07
520,1489,19.255592,47.436933,1230,-4.499106,36.6749,8932.60379050214,2068.97
521,3988,-58.535833,-34.822222,2816,-56.030806,-34.838417,14717.2222094768,3150.16
522,1638,-9.135919,38.781311,1230,-4.499106,36.6749,15639.2356152248,3259.94
523,1555,12.250797,41.804475,1107,38.799319,8.977889,11789.6715821286,2554.79
524,465,-6.215833,54.6575,1218,2.078464,41.297078,8083.68270843591,185.12
525,345,6.766775,51.289453,1130,33.799436,27.178317,3695.54684906611,50.57
526,3682,-84.428067,33.636719,4089,-83.743629,42.965424,17515.5362351839,5906.58
527,3448,-71.005181,42.364347,3682,-84.428067,33.636719,15677.015973216,1979.31
528,609,12.655972,55.617917,1606,14.4775,35.857497,3966.61300286726,689.7
529,2072,39.156536,21.679564,2179,54.651138,24.432972,6568.76975589153,1752.43
530,2985,37.414589,55.972642,3953,23.971111,56.923611,8072.38599993498,2897.97
531,625,-7.277219,62.063628,666,5.637856,58.876778,18436.665636351,4677.92
532,2939,30.894722,50.345,1587,14.26,50.100833,14139.3011603222,3405.16
533,596,-8.491111,51.841269,1051,-13.863761,28.452717,11128.0064351215,3952.62
534,2560,-43.243647,-22.808903,2789,-77.114319,-12.021889,3767.97676905935,88.51
535,210,3.215408,36.691014,1354,7.215872,43.658411,10401.00301822,575.3
536,3682,-84.428067,33.636719,3793,-81.755167,26.536167,3221.88374307795,463.52
537,3797,-73.778925,40.639751,679,20.967122,52.16575,6911.53559274084,523.89
538,3351,115.966944,-31.940278,3353,105.690278,-10.450556,10858.016197586,924.95
539,1056,-16.572489,28.044475,488,-3.343333,51.396667,10780.3942098611,832.99
540,4315,27.667,37.249,478,-2.27495,53.353744,10713.829437224,200.62
541,3576,-80.290556,25.79325,2897,-68.959803,12.188853,9913.0924516696,1531.69
542,2997,72.867919,19.088686,813,28.246,-26.139166,8617.88676349122,2198.94
543,1056,-16.572489,28.044475,347,11.066897,49.4987,7343.08292497265,886.88
544,3077,113.914603,22.308919,580,4.763889,52.308613,13936.525381006,2597.12
545,178,-114.020278,51.113888,193,-79.630556,43.677223,16451.0334782188,3547.45
546,3316,103.994433,1.350189,3076,90.397781,23.843333,17237.8038104671,740.13
547,2954,28.030731,53.882469,2985,37.414589,55.972642,679.774541022015,239.8
548,609,12.655972,55.617917,1218,2.078464,41.297078,6136.69091269645,1937.63
549,1055,-13.605225,28.945464,1243,-8.415144,42.896333,7509.90036869554,173.46
550,346,11.786086,48.353783,3093,77.103088,28.5665,9897.08702309073,1428.22
551,3964,44.395881,40.147275,2948,30.262503,59.800292,10439.8592836123,2859.16
552,3797,-73.778925,40.639751,507,-0.461389,51.4775,7699.01723952086,2720.51
553,687,12.279819,57.662836,340,8.543125,50.026421,13854.8118539163,4652.13
554,644,11.100361,60.193917,342,9.988228,53.630389,6783.43705882714,837.92
555,6209,117.432256,2.155497,3919,116.894478,-1.268272,17751.5217944081,663.45
556,4206,123.979439,10.307542,2397,121.019581,14.508647,17927.6595763715,3641.31
557,70,-79.935,43.173611,178,-114.020278,51.113888,17982.2361922623,1221.24
558,674,16.826325,52.421031,1367,2.112778,49.454444,12614.839186944,1345.82
559,1321,9.483731,42.552664,1353,5.213611,43.435555,6940.7307243137,2548.47
560,3682,-84.428067,33.636719,3469,-122.374889,37.618972,14508.0363244152,431.02
561,2334,135.438222,34.785528,5999,140.431,37.2274,10889.2030138049,1050.29
562,3339,144.843333,-37.673333,3179,98.316872,8.1132,8487.28268112625,1774.25
563,3940,115.167172,-8.748169,3898,110.431758,-7.788181,5719.35246072498,387.27
564,2313,129.913611,32.916944,2359,139.779694,35.552258,15944.1388957372,3670.52
565,3399,87.474244,43.907106,3393,106.641678,29.719217,10293.9088639142,188.92
566,644,11.100361,60.193917,1206,16.297964,43.538944,11047.3881097357,2967.45
567,3383,118.127739,24.544036,3406,121.805214,31.143378,13640.0755862829,1892
568,3390,120.374436,36.266108,4144,123.2901,41.3824,5704.77409453767,632.92
569,2618,-46.655375,-23.626692,2599,-51.171428,-29.994428,1107.93920739666,312.68
570,3867,-117.868222,33.675667,3817,-121.590778,38.695417,2278.2515786597,172.15
571,3364,116.584556,40.080111,8630,107.738889,40.926389,14630.6293723722,1122.61
572,1399,3.089444,50.561942,1359,3.963014,43.576194,7045.01216547861,1159.31
573,3196,108.19937,16.043917,3316,103.994433,1.350189,11432.7220826488,681.11
574,3316,103.994433,1.350189,3298,102.293014,6.16685,10915.947310368,2294.95
575,351,13.287711,52.559686,3986,10.2395,47.988758,19615.8532080965,4575.74
576,3752,-75.241139,39.871944,3589,-73.707575,41.066959,11062.8299375607,3685.31
577,1754,-72.265886,21.773625,1953,-77.466231,25.038958,13172.1312612169,372.11
578,1852,-86.877083,21.036528,1797,-105.964567,28.702875,8910.81765530946,1844.26
579,1265,0.518611,44.825279,495,-1.356803,50.950261,7950.26726517729,1019.44
580,3321,153.504722,-28.164444,3341,138.530556,-34.945,15178.2261971986,3109.35
581,3371,113.219633,28.189158,3379,108.751592,34.447119,11491.066498817,3023.29
582,1074,-7.589967,33.367467,1154,20.269472,32.096786,3552.22919262016,509.16
583,465,-6.215833,54.6575,7447,10.438611,36.075833,2253.07403779858,794.47
584,3976,42.976336,14.753,2072,39.156536,21.679564,11150.504180134,2392.76
585,3682,-84.428067,33.636719,3797,-73.778925,40.639751,10281.2980745869,2393.15
586,469,-1.748028,52.453856,1075,-8.0363,31.606886,12729.4684320422,954.62
587,7193,-162.278056,63.515833,7207,-163.532778,63.030556,7657.48912544846,945.38
588,3576,-80.290556,25.79325,2699,-57.519133,-25.23985,14301.9851672508,1118.58
589,302,4.484444,50.901389,1555,12.250797,41.804475,13555.38885305,359.6
590,609,12.655972,55.617917,415,24.832844,59.413317,15422.5718098341,1582.04
591,1205,14.570267,45.216889,342,9.988228,53.630389,11081.5809727558,277.11
592,3269,116.051181,5.937208,3077,113.914603,22.308919,6028.17936833905,1456.65
593,1852,-86.877083,21.036528,3626,-78.787472,35.877639,16183.1399595747,2594.95
594,1190,19.720561,41.414742,1538,11.288667,44.535444,9340.14153791637,3367.97
595,1227,-0.812389,37.774972,492,-0.368333,51.874722,9748.52190566693,2411.73
596,3670,-97.037997,32.896828,3448,-71.005181,42.364347,19569.312542962,1145.58
597,3388,118.862025,31.742042,3395,103.947086,30.578528,14801.922690284,2179.82
598,3239,96.133222,16.907305,3235,92.872628,20.132708,15828.5174820624,1637.12
599,3298,102.293014,6.16685,3304,101.709917,2.745578,16024.7724091363,4020
600,3375,113.840889,34.519672,3385,119.663272,25.935064,14071.1296700055,4930.27
601,3682,-84.428067,33.636719,3797,-73.778925,40.639751,10281.2980745869,2201.36
602,3386,120.434453,30.229503,6347,114.6973,38.280686,11565.0440791403,1686.28
603,3830,-87.904842,41.978603,3817,-121.590778,38.695417,14234.5910999604,3602.36
604,2952,20.592633,54.89005,4029,37.906111,55.408611,2817.07140715255,197.61
605,6345,111.824103,40.851422,3370,113.298786,23.392436,9840.17435157945,2761.98
606,2051,65.847822,31.505756,3093,77.103088,28.5665,11757.9690382886,661.44
607,2939,30.894722,50.345,1382,2.55,49.012779,12539.3208066205,1111.29
608,3930,126.450517,37.469075,3125,85.3591,27.696583,5369.25163866815,405.52
609,351,13.287711,52.559686,4029,37.906111,55.408611,17482.9364861181,2553.16
610,743,16.250622,58.586253,421,24.963333,60.317222,15918.2417133932,1951.74
611,4374,92.475,56.18,2948,30.262503,59.800292,15090.9963838358,2908.65
612,3577,-122.309306,47.449,4127,-114.256,48.310472,8559.17907626058,900.56
613,4109,119.711667,31.941667,3382,102.743536,24.992364,12167.4283287819,2809.57
614,120,-104.665833,50.431944,178,-114.020278,51.113888,13541.5340504866,3213.64
615,1638,-9.135919,38.781311,1353,5.213611,43.435555,13673.2613431513,4085.74
616,3864,-73.801692,42.748267,3546,-74.845547,44.935833,14719.726295509,2803.45
617,304,4.453817,50.459197,9327,14.6144,37,14781.9692534843,3906.26
618,6353,110.443,29.1028,3379,108.751592,34.447119,11047.8736834446,1811.4
619,3851,-156.951419,20.785611,3728,-157.922428,21.318681,4705.77255570863,354.61
620,490,-2.719089,51.382669,337,13.5225,52.380001,1705.02685597753,300.56
621,663,18.918919,69.683333,632,23.371667,69.976111,8286.57689309623,40.23
622,4120,110.458961,19.934856,3364,116.584556,40.080111,8229.73334449142,1960.23
623,3488,-84.667822,39.048836,3752,-75.241139,39.871944,2427.88526912388,828.97
624,3400,126.250328,45.623403,2927,135.188361,48.528044,19323.4907268756,46.2
625,3738,-97.425861,25.906833,3670,-97.037997,32.896828,4551.09330492653,1224.4
626,1847,-116.970158,32.541064,1804,-103.311167,20.5218,3186.27319788148,898.77
627,3877,-115.15225,36.080056,3797,-73.778925,40.639751,11555.8962992284,1485.15
628,1555,12.250797,41.804475,2564,-46.469511,-23.432075,16561.2308340123,870.52
629,492,-0.368333,51.874722,601,-9.523783,52.180878,2433.13568367881,296.7
630,3797,-73.778925,40.639751,346,11.786086,48.353783,12840.6337309651,1058.58
631,2191,55.51715,25.328575,2179,54.651138,24.432972,7658.10723775677,618.43
632,1386,2.359444,48.725278,1562,10.39275,43.683917,8144.76385423352,539.64
633,2844,-70.151497,11.780775,2851,-66.990583,10.603117,2503.7940903264,786.83
634,2176,47.968928,29.226567,2074,39.705061,24.553422,5589.68240228009,2000.65
635,2276,121.232822,25.077731,3379,108.751592,34.447119,19375.6623356059,626.91
636,4118,50.15,53.5,2985,37.414589,55.972642,15637.2835133184,5255.8
637,1590,34.886667,32.011389,1665,6.10895,46.238064,2972.69330871885,822.74
638,2072,39.156536,21.679564,2061,41.634277,20.296139,7408.31779321057,2020.68
639,3392,121.371667,37.401667,3930,126.450517,37.469075,7385.437844085,1451.87
640,1055,-13.605225,28.945464,502,-0.190278,51.148056,16018.3511027953,3727.41
641,221,6.620386,36.276028,1353,5.213611,43.435555,6414.78145558758,2252.33
642,1701,28.814606,40.976922,4130,44.234578,33.262539,12559.4941103738,3126.37
643,2789,-77.114319,-12.021889,3533,-80.15275,26.072583,10544.6178017109,1129.14
644,3941,23.944467,37.936358,1382,2.55,49.012779,13162.9365783019,216.02
645,3377,125.67015,39.224061,2934,132.148017,43.398953,13441.5156979415,2342.07
646,6725,-162.975,67.5661,6719,-164.563,67.7362,1233.53529610276,56.05
647,3447,-74.813469,40.276692,3646,-82.53325,27.975472,8298.37412477348,1787.32
648,5952,45.3147,35.5608,345,6.766775,51.289453,17220.9296929999,2256.84
649,533,-4.0475,57.5425,530,-1.295556,59.878889,7810.04246284389,2333.61
650,3673,-97.669889,30.194528,3502,-96.851778,32.847111,17116.008007833,2866.69
651,1824,-99.072097,19.436303,3797,-73.778925,40.639751,14907.8107661228,2788.27
652,3391,121.336319,31.197875,6383,119.25,34.55,6822.36698617502,1965.7
653,4111,65.3243,57.189567,6143,72.6989,65.4809,10284.9377805144,976.23
654,3473,-89.976667,35.042417,3682,-84.428067,33.636719,9843.25104892612,2560.32
655,1590,34.886667,32.011389,1489,19.255592,47.436933,5808.69146675509,984.8
656,1128,31.405556,30.121944,3885,100.747283,13.681108,15380.1814165182,4949.54
657,2564,-46.469511,-23.432075,2688,-78.488214,-0.141144,11588.8645887921,904.37
658,3876,-80.943139,35.214,507,-0.461389,51.4775,14709.9818165172,4229.23
659,2287,141.692283,42.7752,3992,135.244167,34.4347222,13076.6333212791,553.46
660,3682,-84.428067,33.636719,3488,-84.667822,39.048836,5519.63096794995,849.88
661,1386,2.359444,48.725278,3941,23.944467,37.936358,11701.6404705865,3094.43
662,3379,108.751592,34.447119,6365,107.603,35.7997,9837.56453883889,561.81
663,7862,98.483591,24.938651,3382,102.743536,24.992364,12617.6497135563,2930.35
664,193,-79.630556,43.677223,120,-104.665833,50.431944,3067.13604965857,7.25
665,6156,36.5901,50.6438,2990,49.278728,55.606186,8444.25632852835,1260.57
666,2279,140.386389,35.764722,3885,100.747283,13.681108,15738.7364186273,4217.24
667,3385,119.663272,25.935064,3391,121.336319,31.197875,11455.6727130121,2234.39
668,3374,113.810664,22.639258,3382,102.743536,24.992364,9832.0282133987,2339.85
669,346,11.786086,48.353783,1538,11.288667,44.535444,15368.754119505,5652.17
670,3289,104.699903,-2.89825,3903,104.118753,1.121028,13873.3332596197,1975.55
671,1120,29.318519,-3.324019,4059,36.9275,-1.319167,11523.0906427665,1527.15
672,1613,16.569722,48.110278,609,12.655972,55.617917,2800.25465921982,61.47
673,2988,37.261486,55.591531,2947,30.676464,46.426767,17925.8512820585,1125.89
674,2922,50.046667,40.4675,1701,28.814606,40.976922,15122.1246653955,848.58
675,2287,141.692283,42.7752,3406,121.805214,31.143378,7207.9320573601,2585.75
676,5674,-23.4935,14.9245,5675,-24.48,14.885,4276.41382901663,174.53
677,3371,113.219633,28.189158,3395,103.947086,30.578528,5941.0090282883,1144.76
678,3930,126.450517,37.469075,2312,130.85505,32.837319,11748.9733853988,1946.44
679,5476,-77.2,7.033,2729,-75.590519,6.219958,10465.5125525666,873.48
680,3905,106.139064,-2.1622,3275,106.655897,-6.125567,14183.7690452707,1824.66
681,1659,22.8857,47.703275,1657,26.102178,44.572161,7465.11184714962,462.59
682,3035,103.81284,13.410666,3115,102.160764,19.897914,5741.64716831914,392.93
683,3697,-73.872608,40.777245,3682,-84.428067,33.636719,11338.3979701977,3701.44
684,3382,102.743536,24.992364,4120,110.458961,19.934856,10392.8602829623,3153.44
685,3992,135.244167,34.4347222,3316,103.994433,1.350189,10614.8716892932,1682.47
686,3797,-73.778925,40.639751,1852,-86.877083,21.036528,5493.01757221669,910.07
687,3959,25.285767,54.634133,1525,9.704166,45.673889,18591.2518306817,1042.41
688,2709,-74.146947,4.701594,3797,-73.778925,40.639751,11227.162157985,1780.83
689,2709,-74.146947,4.701594,2749,-81.711192,12.583594,10140.0985261622,1465.03
690,345,6.766775,51.289453,1474,24.149678,35.531747,15291.5213938752,4954.26
691,3855,-95.888111,36.198389,3830,-87.904842,41.978603,2735.07625046308,398.88
692,2191,55.51715,25.328575,3143,74.890069,12.961267,3424.64081559923,37.14
693,2104,48.76195,31.337431,4150,51.861267,32.750836,12012.8490336307,1787.65
694,2322,136.406544,36.394611,2287,141.692283,42.7752,1973.68646041649,52.83
695,2988,37.261486,55.591531,2965,39.956589,43.449928,10218.231729864,65.85
696,1678,8.549167,47.464722,3998,2.727778,39.55361,10551.3331317794,1340.88
697,1871,-79.383453,9.071364,2599,-51.171428,-29.994428,6808.87236385945,877.83
698,8130,96.121,19.374,3885,100.747283,13.681108,7271.00426191226,2547.14
699,2994,72.63465,23.077242,3304,101.709917,2.745578,14441.0952627387,1441.09
700,351,13.287711,52.559686,1458,27.091667,36.793335,15164.8918575782,5489.3
701,4067,-82.554389,27.395444,3520,-77.037722,38.852083,6545.69535201294,2304.94
702,699,16.912189,58.788636,1553,12.594936,41.799361,15703.5262036504,469.97
703,4105,17.4625,-22.486667,907,28.452628,-15.330817,11161.2726496034,1908.41
704,3728,-157.922428,21.318681,3361,151.177222,-33.946111,10903.1976866842,482.54
705,3998,2.727778,39.55361,503,0.055278,51.505278,943.759862239358,82.34
706,421,24.963333,60.317222,2948,30.262503,59.800292,6599.26445284244,1621.15
707,645,5.208364,59.345267,609,12.655972,55.617917,13299.2365107695,4207.92
708,4150,51.861267,32.750836,2176,47.968928,29.226567,14890.6805326866,1737.07
709,2241,51.565056,25.261125,4317,29.309219,40.898553,2059.68672232118,513.3
710,2188,55.364444,25.252778,534,-4.433056,55.871944,16420.3299314624,3294.5
711,3877,-115.15225,36.080056,3691,-99.461556,27.54375,14974.2059985827,1131.94
712,193,-79.630556,43.677223,3797,-73.778925,40.639751,17279.8883421495,4648.47
713,3712,-81.687861,30.494056,1930,-77.083472,26.511406,15862.3946499977,5066.62
714,2756,-73.613761,4.167875,2732,-70.233878,1.253664,14568.5282974673,369.48
715,1218,2.078464,41.297078,1050,-16.652206,13.337961,17921.1337385815,2337.61
716,3930,126.450517,37.469075,2305,130.450686,33.585942,8918.20911607602,3263.69
717,3382,102.743536,24.992364,4030,109.412272,18.302897,3456.33498133717,398.51
718,1198,32.485731,34.718039,502,-0.190278,51.148056,12053.9483711771,4015.75
719,3386,120.434453,30.229503,4085,106.009167,38.481944,15219.9116532395,2336.83
720,3361,151.177222,-33.946111,3077,113.914603,22.308919,3096.48335901084,34.56
721,1657,26.102178,44.572161,1218,2.078464,41.297078,13934.2186569228,1719.06
722,3469,-122.374889,37.618972,3930,126.450517,37.469075,15516.9616734371,3591.54
723,3751,-104.673178,39.861656,3484,-118.408075,33.942536,5440.44439170128,1856.56
724,1562,10.39275,43.683917,491,-2.849722,53.333611,15563.0023846802,2335.02
725,146,-73.740833,45.470556,3825,-72.683222,41.938889,17232.6242538225,2288.15
726,3992,135.244167,34.4347222,3370,113.298786,23.392436,11872.3836428904,4301.63
727,1638,-9.135919,38.781311,679,20.967122,52.16575,4135.28330947259,872.25
728,535,-3.3725,55.95,1382,2.55,49.012779,4339.33379501486,1103.87
729,3368,117.346183,39.124353,3382,102.743536,24.992364,11312.8008075014,2836.23
730,3395,103.947086,30.578528,3391,121.336319,31.197875,8513.5505073533,2825.59
731,3384,115.9,28.865,3404,121.5386,38.965667,15227.9628905611,3513
732,3720,-122.5975,45.588722,3877,-115.15225,36.080056,19572.3428981761,6274.01
733,3385,119.663272,25.935064,3370,113.298786,23.392436,16199.7925299407,1182.95
734,353,8.786667,53.0475,1626,-7.965911,37.014425,9105.08348757383,2093.74
735,3670,-97.037997,32.896828,1382,2.55,49.012779,17614.1285761676,3854.12
736,2908,77.040508,43.352072,2910,71.466944,51.022222,9749.29308008278,921.24
737,1567,12.513222,43.095906,1515,12.487961,37.911403,7003.31319922476,1713.4
738,3494,-74.168667,40.6925,3613,-81.202139,32.127583,12995.6387331392,460.77
739,7417,42.7875,9.359722,1107,38.799319,8.977889,13861.3705803878,1701.98
740,2856,-62.760361,8.288528,4304,-58.254119,6.498553,8215.14943574487,2784.38
741,1354,7.215872,43.658411,1613,16.569722,48.110278,4235.73221516764,1221
742,2170,35.993214,31.722556,507,-0.461389,51.4775,7457.97724045324,323.56
743,3670,-97.037997,32.896828,3320,153.1175,-27.384167,15877.8257807564,4657.8
744,548,0.235,51.885,1230,-4.499106,36.6749,16532.3013854838,4315.7
745,907,28.452628,-15.330817,4105,17.4625,-22.486667,11161.2726496034,1218.28
746,4082,107.702614,16.401499,3205,106.651856,10.818797,5100.2649419295,583.82
747,3720,-122.5975,45.588722,3462,-112.011583,33.434278,2949.56863723605,401.84
748,1486,22.97095,40.519725,2985,37.414589,55.972642,9575.44137242447,302.5
749,3320,153.1175,-27.384167,3322,145.755278,-16.885833,14145.0794070033,5146.09
750,1824,-99.072097,19.436303,1853,-92.817361,17.997,9174.10351386112,2142.16
751,580,4.763889,52.308613,521,-1.691667,55.0375,17384.8200285772,5057.9
752,2374,129.351722,35.593494,2370,126.493028,33.511306,19110.3645961163,1857.9
753,2997,72.867919,19.088686,3007,73.831422,15.380833,12977.5247522701,101.09
754,350,9.221964,48.689878,1609,15.439628,46.991067,10826.5882119669,3663.48
755,687,12.279819,57.662836,507,-0.461389,51.4775,762.219095885509,127.82
756,1587,14.26,50.100833,421,24.963333,60.317222,7892.29519018983,1930.69
757,3205,106.651856,10.818797,3885,100.747283,13.681108,18118.8100349169,2163.4
758,2207,74.403594,31.521564,2057,50.63361,26.270834,8845.27814533259,1622.98
759,3953,23.971111,56.923611,537,-4.586667,55.509444,15596.9740324632,3029.53
760,521,-1.691667,55.0375,1056,-16.572489,28.044475,11216.9722845837,2768.49
761,1130,33.799436,27.178317,478,-2.27495,53.353744,9865.34641484201,2483.06
762,4029,37.906111,55.408611,2933,142.717531,46.888672,10277.0586209352,2191.51
763,1590,34.886667,32.011389,2947,30.676464,46.426767,5369.01993031657,35.1
764,4063,-108.526735,39.122413,3670,-97.037997,32.896828,836.694003993764,12.02
765,3199,105.807178,21.221192,3992,135.244167,34.4347222,11277.9617609056,3115.97
766,1353,5.213611,43.435555,1376,0.727606,47.432222,7796.60553864854,1060.44
767,1562,10.39275,43.683917,1587,14.26,50.100833,14580.3730374624,1436.4
768,3392,121.371667,37.401667,3391,121.336319,31.197875,550.844107012404,135.86
769,3388,118.862025,31.742042,3369,112.628428,37.746897,1800.5816605187,632.32
770,507,-0.461389,51.4775,532,-2.197778,57.201944,6502.23059772524,132.42
771,1157,13.159011,32.663544,507,-0.461389,51.4775,2163.10712594256,397.16
772,1678,8.549167,47.464722,1706,27.156953,38.292392,17909.1454352463,2041.38
773,5465,-89.5794,53.8492,5468,-91.0272,53.9656,7929.58136394357,718.68
774,2370,126.493028,33.511306,3992,135.244167,34.4347222,11835.7675063725,3726.65
775,1701,28.814606,40.976922,4330,51.152222,35.416111,13393.2273096941,1272.22
776,3932,99.882928,19.952342,3885,100.747283,13.681108,2394.88308520564,146.18
777,2179,54.651138,24.432972,3275,106.655897,-6.125567,11475.1800887887,2106.17
778,3830,-87.904842,41.978603,3077,113.914603,22.308919,6120.91217418972,1933.44
779,5562,-1.004444,53.474722,679,20.967122,52.16575,12541.0909563734,4432.75
780,679,20.967122,52.16575,580,4.763889,52.308613,4951.11330808946,25.92
781,3486,-81.849794,41.411689,3747,-87.752417,41.785972,2939.15387402804,580.02
782,5756,-87.6102,34.7453,3682,-84.428067,33.636719,15345.1865876095,5613.57
783,2496,-69.312636,-51.608875,2487,-67.465508,-45.785347,1756.58904513569,628.18
784,2176,47.968928,29.226567,2157,52.589786,29.539242,4499.63922956332,853.61
785,3751,-104.673178,39.861656,3570,-80.232872,40.491467,5180.33920066182,1485.36
786,3391,121.336319,31.197875,3364,116.584556,40.080111,11144.4657598293,1896.62
787,3316,103.994433,1.350189,3940,115.167172,-8.748169,14445.4103830098,3929.63
788,6345,111.824103,40.851422,6349,122.017,46.083,12445.0378106405,1325.28
789,3093,77.103088,28.5665,3092,78.180256,30.189689,9257.99418244351,1886.96
790,3382,102.743536,24.992364,3406,121.805214,31.143378,1567.50116306292,254.63
791,3275,106.655897,-6.125567,3273,101.444539,0.460786,6724.48892032424,567.72
792,351,13.287711,52.559686,668,18.466222,54.377569,12988.6230860079,3126.63
793,3876,-80.943139,35.214,3473,-89.976667,35.042417,12380.775059952,1097.79
794,3722,-80.095589,26.683161,3682,-84.428067,33.636719,4095.78723784759,1015.55
795,3300,103.426756,4.537222,3408,101.549333,3.130583,10415.2659556467,2026.29
796,1486,22.97095,40.519725,609,12.655972,55.617917,9349.45611163566,1001.91
797,3712,-81.687861,30.494056,3682,-84.428067,33.636719,11936.5020034062,314.82
798,1613,16.569722,48.110278,1468,25.348103,37.435128,5561.61947019446,1411.7
799,1563,11.2051,43.809953,345,6.766775,51.289453,11853.3897467003,4287.48
800,2276,121.232822,25.077731,3239,96.133222,16.907305,12026.0504045222,4407.6
801,3797,-73.778925,40.639751,3682,-84.428067,33.636719,10281.2980745869,62.39
802,3361,151.177222,-33.946111,3205,106.651856,10.818797,5172.16353354166,285.48
803,3754,-83.649211,32.69285,3878,-81.308994,28.429394,9683.69268794192,766.04
804,3364,116.584556,40.080111,3390,120.374436,36.266108,14139.6472504307,2388.25
805,3832,-147.856267,64.815114,3417,-151.529056,66.913944,17874.8258462419,3690.13
806,503,0.055278,51.505278,1408,0.154306,49.365339,13645.3206624988,1894.56
807,599,-6.270075,53.421333,469,-1.748028,52.453856,10784.7913619474,552.51
808,3077,113.914603,22.308919,3131,77.668206,12.949986,11428.9964824311,3007.36
809,2064,49.79789,26.471161,2188,55.364444,25.252778,8142.73395793201,1070.58
810,3469,-122.374889,37.618972,3448,-71.005181,42.364347,9635.54486579827,2879.55
811,1638,-9.135919,38.781311,1218,2.078464,41.297078,13205.6569788885,4017.77
812,3830,-87.904842,41.978603,4356,-94.3068111,36.2818694,3732.24686434294,572.85
813,4363,46.022952,51.334366,4029,37.906111,55.408611,16470.881764496,5843.23
814,4050,-96.670833,39.140972,3830,-87.904842,41.978603,16578.1953736833,2258.84
815,3364,116.584556,40.080111,3376,114.2081,30.783758,9920.13791395858,2786.31
816,3356,153.116389,-30.320556,3361,151.177222,-33.946111,12463.1821146438,3378.11
817,345,6.766775,51.289453,1226,-6.060111,36.744622,12679.3008906379,2931.61
818,7128,151.916389,-27.542778,3320,153.1175,-27.384167,5172.02648757079,901.09
819,1953,-77.466231,25.038958,3448,-71.005181,42.364347,9708.79221048251,3459.36
820,2191,55.51715,25.328575,2219,71.514581,33.993911,2894.31906873813,918.72
821,2296,131.278611,33.93,2359,139.779694,35.552258,15495.1473858025,4109.78
822,3364,116.584556,40.080111,8417,130.99667,45.30611,4919.95776028354,1565.53
823,1212,-0.558156,38.282169,458,23.604392,61.414147,13144.8139096161,1770.16
824,3807,-119.768108,39.499108,3462,-112.011583,33.434278,3052.07415543785,263.31
825,2650,-70.785803,-33.392975,3988,-58.535833,-34.822222,9230.30800753502,1372.84
826,3861,-90.258028,29.993389,3670,-97.037997,32.896828,18547.5451664786,917.41
827,3316,103.994433,1.350189,2997,72.867919,19.088686,7143.50189080957,1190.69
828,2939,30.894722,50.345,1555,12.250797,41.804475,14287.93138953,4897.61
829,1246,-0.481625,39.489314,1555,12.250797,41.804475,14769.3336456637,2700.85
830,351,13.287711,52.559686,1051,-13.863761,28.452717,12738.9524509715,221.21
831,193,-79.630556,43.677223,166,-106.699722,52.170834,11110.6032788123,1463.12
832,2246,144.795983,13.48345,2243,145.242536,14.174308,4380.64424112511,468.83
833,507,-0.461389,51.4775,2082,46.698776,24.95764,13411.4184491277,2026.88
834,3484,-118.408075,33.942536,3320,153.1175,-27.384167,12188.5661386872,3212.79
835,6392,120.852,27.9122,7503,115.816667,32.9,7886.08612114874,159.69
836,599,-6.270075,53.421333,1225,1.373117,38.872858,10610.9530033666,1788.83
837,3131,77.668206,12.949986,3008,75.801086,22.721786,10317.3813687094,220.82
838,478,-2.27495,53.353744,1051,-13.863761,28.452717,6375.77502546715,177.1
839,1514,15.651556,38.071206,1555,12.250797,41.804475,8629.5112074645,741.5
840,3042,85.817781,20.244364,3043,88.446722,22.654739,13246.7754990688,3286.32
841,3375,113.840889,34.519672,3386,120.434453,30.229503,12576.9420262893,3973.59
842,1187,32.443503,0.042386,5687,45.3047,2.01444,12440.3346300676,1007.24
843,4150,51.861267,32.750836,2136,56.951111,30.274444,16464.0749149878,4043.88
844,1682,32.995083,40.128082,5780,33.4961,35.1547,8849.87754907312,2749.37
845,2616,-44.234139,-2.585361,2564,-46.469511,-23.432075,14043.261008732,3949.36
846,6341,116.387778,39.7825,3387,121.461906,29.826683,16711.3524308303,5084.62
847,3793,-81.755167,26.536167,3878,-81.308994,28.429394,11957.5708806497,2639.75
848,3920,117.565569,3.326694,3919,116.894478,-1.268272,10352.7530708865,606.36
849,3576,-80.290556,25.79325,3486,-81.849794,41.411689,12216.5861170741,1497.24
850,3867,-117.868222,33.675667,3670,-97.037997,32.896828,4190.03130238904,1509.67
851,3364,116.584556,40.080111,3372,110.039197,25.218106,14423.0483370582,1266.79
852,490,-2.719089,51.382669,1231,4.218647,39.862597,6288.82048234316,1139.41
853,2878,-61.003175,14.591033,2774,-52.360447,4.819808,16611.3148931828,4973.58
854,2699,-57.519133,-25.23985,2564,-46.469511,-23.432075,10732.1175067678,15.92
855,2191,55.51715,25.328575,3141,78.467586,17.453117,11881.2872025815,543.2
856,3390,120.374436,36.266108,6412,121.062,41.1014,9033.39878655506,2304.21
857,3372,110.039197,25.218106,4120,110.458961,19.934856,6673.84635170146,1090.64
858,6713,-160.191,62.6467,7219,-160.065,62.894444,1769.71617264262,176.99
859,3034,104.844139,11.546556,3930,126.450517,37.469075,11807.3186497318,2689.37
860,3316,103.994433,1.350189,3304,101.709917,2.745578,6610.60841373924,233.18
861,340,8.543125,50.026421,609,12.655972,55.617917,10889.6947772018,978.83
862,3376,114.2081,30.783758,6355,113.376,22.0064,13601.7208541415,3462.79
863,2560,-43.243647,-22.808903,2526,-48.476292,-1.37925,15722.4486614604,3314.33
864,813,28.246,-26.139166,893,57.6836,-20.430235,3572.19443223832,150.47
865,3646,-82.53325,27.975472,3585,-86.294383,39.717331,10464.6394265696,523.43
866,3682,-84.428067,33.636719,1871,-79.383453,9.071364,6959.34043421629,2238.37
867,2578,-47.134444,-23.0075,2635,-47.964778,-19.765,17011.304397872,354.08
868,1474,24.149678,35.531747,585,5.374528,51.450139,18662.561803022,5319.57
869,1382,2.55,49.012779,3670,-97.037997,32.896828,17614.1285761676,2169.57
870,1760,-68.363431,18.567367,3533,-80.15275,26.072583,8862.96275383179,2238.19
871,3389,117.298436,31.780019,3121,113.591558,22.149556,4860.18430922121,1198.9
872,6105,36.289986,49.924786,1613,16.569722,48.110278,10369.9067180267,1161.39
873,3222,95.977928,21.702156,4001,94.9246666,21.173833266,6433.43114689175,2040.71
874,3682,-84.428067,33.636719,3751,-104.673178,39.861656,4891.90284083277,738.28
875,293,10.775461,33.875031,629,6.211517,49.626575,11845.7491853479,2025.48
876,4108,117.215992,36.857214,3370,113.298786,23.392436,3934.06752352801,386.53
877,580,4.763889,52.308613,507,-0.461389,51.4775,4553.55045621683,9.26
878,6346,109.997,40.56,3369,112.628428,37.746897,3526.31030840592,48.51
879,3793,-81.755167,26.536167,3585,-86.294383,39.717331,2854.06522446594,99.7
880,915,45.281113,-12.804722,912,43.27185,-11.533661,12732.1279367197,2061.66
881,2954,28.030731,53.882469,2976,58.360967,37.986814,13551.3003905284,1544.68
882,1054,-15.386586,27.931886,5670,-15.932,23.7183,13036.1062749726,105.25
883,666,5.637856,58.876778,668,18.466222,54.377569,11455.7610289716,3620.13
884,2688,-78.488214,-0.141144,2715,-76.381583,3.543222,6523.73114006994,981.62
885,3035,103.81284,13.410666,3406,121.805214,31.143378,8613.15203275903,848.52
886,2948,30.262503,59.800292,1555,12.250797,41.804475,6895.78944986438,508.16
887,4198,6.141944,51.602222,1054,-15.386586,27.931886,6509.66991172494,270.87
888,2890,-66.001833,18.439417,3714,-77.455811,38.944533,11608.4483883975,299.75
889,1054,-15.386586,27.931886,629,6.211517,49.626575,6686.74397873159,2430.02
890,1382,2.55,49.012779,3941,23.944467,37.936358,13162.9365783019,3150.6
891,3608,-77.319667,37.505167,3533,-80.15275,26.072583,15016.4177892145,1094.07
892,245,2.384353,6.357228,886,11.886597,-4.816028,10197.3296784426,3247.61
893,3932,99.882928,19.952342,3885,100.747283,13.681108,2394.88308520564,820.4
894,644,11.100361,60.193917,1191,27.515236,42.569583,6056.1725858081,282.14
895,337,13.5225,52.380001,1064,-9.546311,30.381353,14196.2555067568,1855.23
896,2968,61.503333,55.305836,2979,68.825,38.543333,14103.8363714016,5091.76
897,7695,-78.3657,-0.5425,2670,-76.986842,-0.462886,7549.1264855678,2154.31
898,302,4.484444,50.901389,1225,1.373117,38.872858,8487.51875060765,2928.63
899,3389,117.298436,31.780019,3374,113.810664,22.639258,6777.79821731206,1657.18
900,3877,-115.15225,36.080056,3717,-87.896583,42.947222,3262.33806111728,217.38
901,3682,-84.428067,33.636719,2890,-66.001833,18.439417,16176.1362120573,5694.62
902,3885,100.747283,13.681108,3931,98.962644,18.766847,11082.0193613207,1199.3
903,1229,-3.566764,40.493556,1909,-82.409086,22.989153,15635.8058499169,2463.34
904,4029,37.906111,55.408611,1590,34.886667,32.011389,16519.1157004611,2582.52
905,3885,100.747283,13.681108,2997,72.867919,19.088686,11178.9392112702,692.87
906,1218,2.078464,41.297078,1524,8.728111,45.630606,12456.8564527156,4454.66
907,2299,142.4475,43.670833,2276,121.232822,25.077731,14614.5677881748,1817.01
908,3272,114.928353,4.9442,3885,100.747283,13.681108,16843.3749276429,46.73
909,2985,37.414589,55.972642,3370,113.298786,23.392436,7305.85529313338,2207.33
910,3992,135.244167,34.4347222,3388,118.862025,31.742042,4372.60788373723,6.13
911,3250,124.925878,1.549447,3247,122.849858,0.637119,6016.99171374256,961.94
912,1678,8.549167,47.464722,3646,-82.53325,27.975472,19717.6941011809,5083.7
913,6344,113.482,40.0603,4144,123.2901,41.3824,17578.9320500722,1443.16
914,3608,-77.319667,37.505167,3714,-77.455811,38.944533,9191.73441929606,2152.35
915,2359,139.779694,35.552258,2313,129.913611,32.916944,15944.1388957372,5417.41
916,3550,-95.341442,29.984433,3876,-80.943139,35.214,5643.98617328016,1873.06
917,6351,109.294,21.5394,3406,121.805214,31.143378,18833.1383854513,3292.76
918,2157,52.589786,29.539242,2109,53.980211,26.526156,17960.1298967277,1711.89
919,3550,-95.341442,29.984433,1853,-92.817361,17.997,5321.50327160358,514.57
920,3341,138.530556,-34.945,3304,101.709917,2.745578,5148.72598343409,158.41
921,1335,5.090833,45.726387,1353,5.213611,43.435555,14590.0791156207,4915.18
922,1854,-96.187267,19.145931,1847,-116.970158,32.541064,9261.26632390577,2227.92
923,3437,-94.367444,35.336583,3670,-97.037997,32.896828,14460.4206728134,4555.13
924,580,4.763889,52.308613,4059,36.9275,-1.319167,17908.1888578213,84.01
925,3720,-122.5975,45.588722,3682,-84.428067,33.636719,3941.16818585868,686.26
926,1074,-7.589967,33.367467,2985,37.414589,55.972642,14674.3055082378,924.45
927,210,3.215408,36.691014,222,8.120717,35.431611,6043.41791936063,822.88
928,1613,16.569722,48.110278,2170,35.993214,31.722556,14894.0838474335,4772.17
929,3157,100.60675,13.912583,3199,105.807178,21.221192,5880.50165672423,1432.76
930,3830,-87.904842,41.978603,1852,-86.877083,21.036528,14236.400687626,217.9
931,5567,-2.90028,59.3517,5566,-2.43444,59.3675,2807.01139573364,234.71
932,548,0.235,51.885,1458,27.091667,36.793335,15726.5350997833,1352.85
933,507,-0.461389,51.4775,3751,-104.673178,39.861656,2119.73768126996,453.85
934,2179,54.651138,24.432972,2194,58.284444,23.593278,5727.65139054629,2048.69
935,3077,113.914603,22.308919,6386,118.59,24.7964,9139.44312628495,3274.8
936,1529,9.276739,45.445103,1509,15.0664,37.466781,10883.5571000718,1979.76
937,478,-2.27495,53.353744,608,9.151778,55.740322,12132.305687492,1923.25
938,2897,-68.959803,12.188853,1762,-69.668925,18.429664,4159.33491684902,935.7
939,1626,-7.965911,37.014425,1230,-4.499106,36.6749,8994.55535229222,3115.92
940,2960,39.170539,45.034689,1489,19.255592,47.436933,13316.2331411025,2922.71
941,5,147.22005,-9.443383,3940,115.167172,-8.748169,5788.86555136256,1791.72
942,3576,-80.290556,25.79325,3494,-74.168667,40.6925,14778.7154916508,888.43
943,644,11.100361,60.193917,1587,14.26,50.100833,2163.1868246034,728.46
944,382,9.511486,47.671317,1688,30.800461,36.898731,3799.25132226632,340.74
945,491,-2.849722,53.333611,499,-2.195508,49.207947,13003.4300079605,2311.09
946,3855,-95.888111,36.198389,3576,-80.290556,25.79325,14663.8056122943,979.59
947,1056,-16.572489,28.044475,535,-3.3725,55.95,15678.1183464388,3226.07
948,2564,-46.469511,-23.432075,2623,-42.823478,-5.059942,1541.04764433848,478.8
949,156,-123.184444,49.193889,160,-97.239886,49.910036,5794.17791208685,1586.59
950,340,8.543125,50.026421,1200,18.268244,42.561353,9400.59738321827,1030.87
951,3137,75.9553,11.136839,2176,47.968928,29.226567,3088.13454091442,648.12
952,1612,13.004333,47.793304,344,7.142744,50.865917,17820.6315386853,3786.62
953,3488,-84.667822,39.048836,193,-79.630556,43.677223,11465.4621289702,2913.11
954,3793,-81.755167,26.536167,3759,-82.891889,39.997972,5162.89445096632,1374.45
955,3731,-117.189667,32.733556,3777,-122.537528,48.792694,17975.8454090498,339.39
956,3998,2.727778,39.55361,469,-1.748028,52.453856,4656.78898229869,734.32
957,3714,-77.455811,38.944533,146,-73.740833,45.470556,2531.05942633342,236.16
958,6383,119.25,34.55,4144,123.2901,41.3824,13627.0221101458,3718.7
959,1382,2.55,49.012779,1264,-0.715556,44.828335,17404.173627845,4029.23
960,2177,35.488389,33.820931,4331,59.643,36.234,15057.2376453477,971.7
961,3670,-97.037997,32.896828,193,-79.630556,43.677223,11873.5611229005,499.57
962,3093,77.103088,28.5665,3361,151.177222,-33.946111,7685.35527001388,1441.18
963,3751,-104.673178,39.861656,507,-0.461389,51.4775,2119.73768126996,772.82
964,3670,-97.037997,32.896828,3728,-157.922428,21.318681,5532.78114983227,1354.52
965,1386,2.359444,48.725278,1253,-5.893106,37.418,8295.54272585956,294.05
966,3469,-122.374889,37.618972,507,-0.461389,51.4775,12372.107712646,3281.78
967,3877,-115.15225,36.080056,3817,-121.590778,38.695417,16663.6926767575,3231.54
968,1836,-105.254167,20.680083,3469,-122.374889,37.618972,10247.0512937633,448.05
969,491,-2.849722,53.333611,1229,-3.566764,40.493556,4778.25689010886,907.56
970,1230,-4.499106,36.6749,2988,37.261486,55.591531,6547.41218782478,126.02
971,169,-91.905278,50.113889,5465,-89.5794,53.8492,5271.59288396111,55.05
972,1456,22.025525,37.068319,502,-0.190278,51.148056,18114.7474800822,5101.91
973,3876,-80.943139,35.214,7002,-80.752,32.216,18733.7367419449,3232.99
974,2188,55.364444,25.252778,799,30.950519,-29.970089,8649.68432604343,520.12
975,1512,13.091019,38.175958,1529,9.276739,45.445103,7516.80191394299,2135.24
976,3115,102.160764,19.897914,3885,100.747283,13.681108,3966.75175213624,727.03
977,3364,116.584556,40.080111,1701,28.814606,40.976922,5825.17127580893,840.41
978,3390,120.374436,36.266108,3400,126.250328,45.623403,19522.2337996606,2756
979,548,0.235,51.885,1276,-0.006439,43.178675,15433.1840334539,2947.37
980,1587,14.26,50.100833,2922,50.046667,40.4675,8413.52681668067,986.2
981,3364,116.584556,40.080111,1128,31.405556,30.121944,13183.5147754703,1406.06
982,3325,153.091111,-26.603333,3339,144.843333,-37.673333,10418.9496700608,1292.97
983,340,8.543125,50.026421,1216,-2.910608,43.301097,6798.73380261017,1734.55
984,6788,-65.4227,18.1158,2884,-64.798556,17.701889,3437.05364177246,397.54
985,3093,77.103088,28.5665,3103,75.952592,30.854681,11147.9206596616,975.58
986,4330,51.152222,35.416111,345,6.766775,51.289453,18192.6834176917,4190.11
987,738,17.94165,59.354372,302,4.484444,50.901389,11831.4935610943,1928.32
988,797,18.601667,-33.964806,838,25.617275,-33.984919,3872.20387636341,1148.25
989,7074,-109.754722,38.755,3536,-111.977772,40.788389,7772.5727332799,1127.37
990,3093,77.103088,28.5665,2997,72.867919,19.088686,7669.79631617308,1725.74
991,2188,55.364444,25.252778,2223,73.099233,33.616653,11039.8977732175,3729.99
992,6343,113.126,36.2475,3364,116.584556,40.080111,14132.5811381124,799.42
993,304,4.453817,50.459197,1213,-2.370097,36.843936,7341.54526710515,2686.66
994,1222,2.760547,41.900969,580,4.763889,52.308613,16737.3790485534,6073.59
995,2997,72.867919,19.088686,3007,73.831422,15.380833,12977.5247522701,3433.8
996,6164,58.5956,51.0725,4029,37.906111,55.408611,15254.3399731232,1671.36
997,3423,-155.976525,62.894369,5965,-155.606,62.9529,2380.36613523307,476.46
998,5994,144.193,43.041,2276,121.232822,25.077731,11874.7273974259,2946.84
999,3368,117.346183,39.124353,2370,126.493028,33.511306,2463.11492059085,432.46
